# time [s]	phi_1 [rad]	phi_2 [rad]
0.000000000000000000e+00	-5.756292117512707557e-02	1.213225223165503408e+00
4.000000000000000083e-02	-5.443513507853815075e-02	1.210480026595838643e+00
8.000000000000000167e-02	-5.130358459615257799e-02	1.207710079541858272e+00
1.199999999999999956e-01	-4.816823776465464779e-02	1.204915282759107642e+00
1.600000000000000033e-01	-4.502906160756071224e-02	1.202095534759416884e+00
2.000000000000000111e-01	-4.188602211365880651e-02	1.199250731741265508e+00
2.399999999999999911e-01	-3.873908422011539121e-02	1.196380767534734879e+00
2.800000000000000266e-01	-3.558821179504940285e-02	1.193485533544865751e+00
3.200000000000000067e-01	-3.243336761955721570e-02	1.190564918693366669e+00
3.599999999999999867e-01	-2.927451336977977825e-02	1.187618809361398187e+00
4.000000000000000222e-01	-2.611160959497965325e-02	1.184647089315388424e+00
4.400000000000000022e-01	-2.294461570253282512e-02	1.181649639664101858e+00
4.799999999999999822e-01	-1.977348993398963042e-02	1.178626338778273608e+00
5.200000000000000178e-01	-1.659818934477731017e-02	1.175577062226206504e+00
5.600000000000000533e-01	-1.341866978268681405e-02	1.172501682704646830e+00
5.999999999999999778e-01	-1.023488586538659831e-02	1.169400069967688749e+00
6.400000000000000133e-01	-7.046790957152068366e-03	1.166272090752486612e+00
6.800000000000000488e-01	-3.854337144836657639e-03	1.163117608702980199e+00
7.199999999999999734e-01	-6.574752130683167092e-04	1.159936484291197001e+00
7.600000000000000089e-01	2.543845381396266873e-03	1.156728574736168191e+00
8.000000000000000444e-01	5.749676534092249165e-03	1.153493733928765863e+00
8.399999999999999689e-01	8.960071530926545791e-03	1.150231812302487500e+00
8.800000000000000044e-01	1.217508505534859592e-02	1.146942656829712526e+00
9.200000000000000400e-01	1.539477323895990617e-02	1.143626110844039534e+00
9.599999999999999645e-01	1.861919368132508232e-02	1.140282013987820475e+00
1.000000000000000000e+00	2.184840548360311024e-02	1.136910202105205991e+00
1.040000000000000036e+00	2.508246928116514632e-02	1.133510507140450319e+00
1.080000000000000071e+00	2.832144727737477899e-02	1.130082757032781826e+00
1.120000000000000107e+00	3.156540328230503928e-02	1.126626775599923747e+00
1.159999999999999920e+00	3.481440273028209992e-02	1.123142382464914935e+00
1.199999999999999956e+00	3.806851274734061874e-02	1.119629392870216344e+00
1.239999999999999991e+00	4.132780219236749375e-02	1.116087617585747704e+00
1.280000000000000027e+00	4.459234163551091534e-02	1.112516862849548094e+00
1.320000000000000062e+00	4.786220347805419245e-02	1.108916930139037582e+00
1.360000000000000098e+00	5.113746195479849932e-02	1.105287616091792824e+00
1.399999999999999911e+00	5.441819318750628492e-02	1.101628712355807060e+00
1.439999999999999947e+00	5.770447523179613597e-02	1.097940005445724010e+00
1.479999999999999982e+00	6.099638812515737613e-02	1.094221276595167325e+00
1.520000000000000018e+00	6.429401393992202618e-02	1.090472301597231741e+00
1.560000000000000053e+00	6.759743683267466219e-02	1.086692850650439635e+00
1.600000000000000089e+00	7.090674310075414932e-02	1.082882688188400389e+00
1.639999999999999902e+00	7.422202123862449430e-02	1.079041572707744034e+00
1.679999999999999938e+00	7.754336199693462328e-02	1.075169256588523137e+00
1.719999999999999973e+00	8.087085844395713874e-02	1.071265485907605841e+00
1.760000000000000009e+00	8.420460602951881923e-02	1.067330000244728350e+00
1.800000000000000044e+00	8.754470265154654096e-02	1.063362532480835121e+00
1.840000000000000080e+00	9.089124872535785105e-02	1.059362808588336868e+00
1.879999999999999893e+00	9.424434725583125116e-02	1.055330547412873576e+00
1.919999999999999929e+00	9.760410391260337937e-02	1.051265460446157318e+00
1.959999999999999964e+00	1.009706271084441775e-01	1.047167251589444348e+00
2.000000000000000000e+00	1.043440280809762866e-01	1.043035616907146856e+00
2.040000000000000036e+00	1.077244209779079503e-01	1.038870244370078577e+00
2.080000000000000071e+00	1.111119229459642116e-01	1.034670813587794669e+00
2.120000000000000107e+00	1.145066542237126034e-01	1.030436995529438349e+00
2.160000000000000142e+00	1.179087382384882837e-01	1.026168452232495421e+00
2.200000000000000178e+00	1.213183017076396308e-01	1.021864836498790119e+00
2.240000000000000213e+00	1.247354747443291667e-01	1.017525791577043037e+00
2.279999999999999805e+00	1.281603909681384157e-01	1.013150950831238184e+00
2.319999999999999840e+00	1.315931876207434570e-01	1.008739937394021347e+00
2.359999999999999876e+00	1.350340056869428207e-01	1.004292363804289989e+00
2.399999999999999911e+00	1.384829900213425113e-01	9.998078316280670785e-01
2.439999999999999947e+00	1.419402894810171678e-01	9.952859310617243604e-01
2.479999999999999982e+00	1.454060570644972461e-01	9.907262405165078167e-01
2.520000000000000018e+00	1.488804500574445189e-01	9.861283261832934910e-01
2.560000000000000053e+00	1.523636301854153774e-01	9.814917415763908526e-01
2.600000000000000089e+00	1.558557637741290747e-01	9.768160270551571323e-01
2.640000000000000124e+00	1.593570219176959901e-01	9.721007093220661588e-01
2.680000000000000160e+00	1.628675806552896399e-01	9.673453008958063926e-01
2.720000000000000195e+00	1.663876211567808239e-01	9.625492995578589506e-01
2.759999999999999787e+00	1.699173299178906860e-01	9.577121877709134923e-01
2.799999999999999822e+00	1.734568989654668159e-01	9.528334320673170765e-01
2.839999999999999858e+00	1.770065260735211587e-01	9.479124824056728293e-01
2.879999999999999893e+00	1.805664149907286742e-01	9.429487714935018694e-01
2.919999999999999929e+00	1.841367756801269850e-01	9.379417140737749126e-01
2.959999999999999964e+00	1.877178245718323646e-01	9.328907061728941574e-01
3.000000000000000000e+00	1.913097848296302916e-01	9.277951243075700516e-01
3.040000000000000036e+00	1.949128866323883991e-01	9.226543246477821869e-01
3.080000000000000071e+00	1.985273674713014247e-01	9.174676421328222808e-01
3.120000000000000107e+00	2.021534724640672576e-01	9.122343895371545219e-01
3.160000000000000142e+00	2.057914546871857375e-01	9.069538564825491145e-01
3.200000000000000178e+00	2.094415755276662350e-01	9.016253083926714096e-01
3.240000000000000213e+00	2.131041050555456395e-01	8.962479853859512957e-01
3.279999999999999805e+00	2.167793224187362366e-01	8.908211011022253434e-01
3.319999999999999840e+00	2.204675162618583706e-01	8.853438414582250893e-01
3.359999999999999876e+00	2.241689851708583148e-01	8.798153633265581863e-01
3.399999999999999911e+00	2.278840381453714203e-01	8.742347931323511956e-01
3.439999999999999947e+00	2.316129951009759935e-01	8.686012253611790079e-01
3.479999999999999982e+00	2.353561874036788348e-01	8.629137209713072521e-01
3.520000000000000018e+00	2.391139584391874240e-01	8.571713057026540961e-01
3.560000000000000053e+00	2.428866642197811399e-01	8.513729682740985849e-01
3.600000000000000089e+00	2.466746740318492837e-01	8.455176584600062606e-01
3.640000000000000124e+00	2.504783711274851110e-01	8.396042850358899079e-01
3.680000000000000160e+00	2.542981534638381613e-01	8.336317135821758040e-01
3.720000000000000195e+00	2.581344344943294900e-01	8.275987641338643508e-01
3.759999999999999787e+00	2.619876440162272058e-01	8.215042086626890283e-01
3.799999999999999822e+00	2.658582290796407399e-01	8.153467683767413599e-01
3.839999999999999858e+00	2.697466549632243082e-01	8.091251108217000221e-01
3.879999999999999893e+00	2.736534062230931430e-01	8.028378467644887717e-01
3.919999999999999929e+00	2.775789878213383854e-01	7.964835268401402324e-01
3.959999999999999964e+00	2.815239263419238025e-01	7.900606379387967726e-01
4.000000000000000000e+00	2.854887713022895568e-01	7.835675993080134516e-01
4.040000000000000036e+00	2.894740965700490776e-01	7.770027583423946282e-01
4.080000000000000071e+00	2.934805018952594824e-01	7.703643860293297729e-01
4.120000000000000107e+00	2.975086145700119866e-01	7.636506720158262596e-01
4.160000000000000142e+00	3.015590912285168179e-01	7.568597192571623333e-01
4.200000000000000178e+00	3.056326198025108298e-01	7.499895382031643853e-01
4.240000000000000213e+00	3.097299216486985030e-01	7.430380404722772836e-01
4.280000000000000249e+00	3.138517538671039553e-01	7.360030319571435609e-01
4.320000000000000284e+00	3.179989118317184116e-01	7.288822052979264665e-01
4.360000000000000320e+00	3.221722319577157156e-01	7.216731316509729099e-01
4.400000000000000355e+00	3.263725947328568466e-01	7.143732516704374147e-01
4.440000000000000391e+00	3.306009280446129961e-01	7.069798656088108757e-01
4.480000000000000426e+00	3.348582108390709688e-01	6.994901224287460861e-01
4.519999999999999574e+00	3.391454771530217904e-01	6.919010078026671673e-01
4.559999999999999609e+00	3.434638205668726352e-01	6.842093308579784150e-01
4.599999999999999645e+00	3.478143991333854657e-01	6.764117095037212035e-01
4.639999999999999680e+00	3.521984408459741256e-01	6.685045541484510023e-01
4.679999999999999716e+00	3.566172497206130942e-01	6.604840495882667861e-01
4.719999999999999751e+00	3.610722125777625080e-01	6.523461348070304089e-01
4.759999999999999787e+00	3.655648066254710282e-01	6.440864803867145660e-01
4.799999999999999822e+00	3.700966079625735428e-01	6.357004631727690702e-01
4.839999999999999858e+00	3.746693011423659070e-01	6.271831377752399295e-01
4.879999999999999893e+00	3.792846899631769353e-01	6.185292044085595187e-01
4.919999999999999929e+00	3.839447096840780116e-01	6.097329724777995619e-01
4.959999999999999964e+00	3.886514409029611095e-01	6.007883192026466368e-01
5.000000000000000000e+00	3.934071253824284464e-01	5.916886424261947885e-01
5.040000000000000036e+00	3.872861645454107604e-01	6.186174995355642192e-01
5.080000000000000071e+00	3.815752307254446918e-01	6.444274701621998114e-01
5.120000000000000107e+00	3.762309623960467531e-01	6.692476545185811476e-01
5.160000000000000142e+00	3.712177761992822567e-01	6.931840229159313971e-01
5.200000000000000178e+00	3.665060518737813799e-01	7.163248257084430248e-01
5.240000000000000213e+00	3.620708283813649508e-01	7.387444776689143788e-01
5.280000000000000249e+00	3.578908455749534312e-01	7.605064116018960263e-01
5.320000000000000284e+00	3.539478256026876157e-01	7.816652170654521115e-01
5.360000000000000320e+00	3.502259245640708119e-01	8.022682715967247580e-01
5.400000000000000355e+00	3.467113075495065755e-01	8.223570042863450613e-01
5.440000000000000391e+00	3.433918147229191864e-01	8.419678881672844062e-01
5.480000000000000426e+00	3.402566956750844862e-01	8.611332293236271251e-01
5.519999999999999574e+00	3.372963957152242953e-01	8.798818014052134373e-01
5.559999999999999609e+00	3.345023824135273105e-01	8.982393604784274510e-01
5.599999999999999645e+00	3.318670017546747619e-01	9.162290710609294342e-01
5.639999999999999680e+00	3.293833640743050184e-01	9.338718459555090945e-01
5.679999999999999716e+00	3.270452405865968415e-01	9.511866505099820790e-01
5.719999999999999751e+00	3.248469846888433210e-01	9.681907373385231219e-01
5.759999999999999787e+00	3.227834614499803245e-01	9.848998546476142035e-01
5.799999999999999822e+00	3.208499877523841581e-01	1.001328423056540462e+00
5.839999999999999858e+00	3.190422820048453567e-01	1.017489684426759577e+00
5.879999999999999893e+00	3.173564205384172277e-01	1.033395830675986948e+00
5.919999999999999929e+00	3.157887999417193781e-01	1.049058114979558365e+00
5.959999999999999964e+00	3.143361043861984117e-01	1.064486948176217807e+00
6.000000000000000000e+00	3.129952771315817062e-01	1.079691982779267700e+00
6.040000000000000036e+00	3.117634955771577121e-01	1.094682186473779684e+00
6.080000000000000071e+00	3.106381493348983058e-01	1.109465906656453393e+00
6.120000000000000107e+00	3.096168208853510295e-01	1.124050927320682236e+00
6.160000000000000142e+00	3.086972684522090171e-01	1.138444519366642149e+00
6.200000000000000178e+00	3.078774107906021018e-01	1.152653485240598519e+00
6.240000000000000213e+00	3.071553136323678102e-01	1.166684198664382555e+00
6.280000000000000249e+00	3.065291775712216116e-01	1.180542640098209306e+00
6.320000000000000284e+00	3.059973272035017566e-01	1.194234428482753962e+00
6.360000000000000320e+00	3.055582013673512898e-01	1.207764849725682321e+00
6.400000000000000355e+00	3.052103443458502596e-01	1.221138882330642383e+00
6.440000000000000391e+00	3.049523979185767564e-01	1.234361220510424628e+00
6.480000000000000426e+00	3.047830941620177647e-01	1.247436295078728330e+00
6.519999999999999574e+00	3.047012489127006729e-01	1.260368292375085408e+00
6.559999999999999609e+00	3.047057558183143833e-01	1.273161171443686790e+00
6.599999999999999645e+00	3.047955809117758319e-01	1.285818679658134123e+00
6.639999999999999680e+00	3.049697576514482922e-01	1.298344366959626850e+00
6.679999999999999716e+00	3.052273823777746919e-01	1.310741598855110546e+00
6.719999999999999751e+00	3.055676101426188507e-01	1.323013568304045595e+00
6.759999999999999787e+00	3.059896508728661146e-01	1.335163306607110689e+00
6.799999999999999822e+00	3.064927658344296924e-01	1.347193693396867564e+00
6.839999999999999858e+00	3.070762643667998004e-01	1.359107465818522931e+00
6.879999999999999893e+00	3.077395008615784189e-01	1.370907226978543836e+00
6.919999999999999929e+00	3.084818719612951177e-01	1.382595453730273816e+00
6.959999999999999964e+00	3.093028139575743074e-01	1.394174503858738756e+00
7.000000000000000000e+00	3.102018003682699421e-01	1.405646622717197092e+00
7.040000000000000036e+00	3.111783396811937386e-01	1.417013949371781045e+00
7.080000000000000071e+00	3.122319732482851662e-01	1.428278522290796770e+00
7.120000000000000107e+00	3.133622733032533358e-01	1.439442284614933509e+00
7.160000000000000142e+00	3.145688411149568098e-01	1.450507089058446830e+00
7.200000000000000178e+00	3.158513052469470450e-01	1.461474702460215269e+00
7.240000000000000213e+00	3.172093199199392255e-01	1.472346810018105856e+00
7.280000000000000249e+00	3.186425634673587526e-01	1.483125019232119701e+00
7.320000000000000284e+00	3.201507368758537697e-01	1.493810863579813963e+00
7.360000000000000320e+00	3.217335624034154407e-01	1.504405805945296937e+00
7.400000000000000355e+00	3.233907822684228273e-01	1.514911241821121690e+00
7.440000000000000391e+00	3.251221574035244033e-01	1.525328502300625333e+00
7.480000000000000426e+00	3.269274662688141375e-01	1.535658856876692457e+00
7.519999999999999574e+00	3.288065037192381412e-01	1.545903516061506888e+00
7.559999999999999609e+00	3.307590799216082456e-01	1.556063633840562455e+00
7.599999999999999645e+00	3.327850193169893944e-01	1.566140309973091949e+00
7.639999999999999680e+00	3.348841596245857866e-01	1.576134592150002733e+00
7.679999999999999716e+00	3.370563508835711652e-01	1.586047478019510848e+00
7.719999999999999751e+00	3.393014545295977014e-01	1.595879917089806144e+00
7.759999999999999787e+00	3.416193425029893649e-01	1.605632812517324037e+00
7.799999999999999822e+00	3.440098963858600478e-01	1.615307022788514457e+00
7.839999999999999858e+00	3.464730065656218549e-01	1.624903363302375281e+00
7.879999999999999893e+00	3.490085714225495406e-01	1.634422607860449128e+00
7.919999999999999929e+00	3.516164965392493680e-01	1.643865490070464785e+00
7.959999999999999964e+00	3.542966939300531415e-01	1.653232704669348685e+00
8.000000000000000000e+00	3.570490812885124821e-01	1.662524908770894205e+00
8.039999999999999147e+00	3.598735812513141341e-01	1.671742723042995538e+00
8.080000000000000071e+00	3.627701206770683751e-01	1.680886732818996032e+00
8.119999999999999218e+00	3.657386299385491646e-01	1.689957489147386305e+00
8.160000000000000142e+00	3.687790422270778579e-01	1.698955509783778739e+00
8.199999999999999289e+00	3.718912928678515528e-01	1.707881280128833668e+00
8.240000000000000213e+00	3.750753186451175614e-01	1.716735254115550946e+00
8.279999999999999361e+00	3.783310571361891417e-01	1.725517855049125693e+00
8.320000000000000284e+00	3.816584460533918866e-01	1.734229476402353587e+00
8.359999999999999432e+00	3.850574225931086003e-01	1.742870482569398360e+00
8.400000000000000355e+00	3.885279227911813127e-01	1.751441209580524960e+00
8.439999999999999503e+00	3.920698808840009653e-01	1.759941965780290607e+00
8.480000000000000426e+00	3.956832286747148930e-01	1.768373032471479922e+00
8.519999999999999574e+00	3.993678949040923576e-01	1.776734664526935958e+00
8.560000000000000497e+00	4.031238046258060481e-01	1.785027090971189612e+00
8.599999999999999645e+00	4.069508785852015698e-01	1.793250515534215328e+00
8.640000000000000568e+00	4.108490325866518966e-01	1.801405117189924132e+00
8.679999999999999716e+00	4.148181769030070964e-01	1.809491050642327403e+00
8.720000000000000639e+00	4.188582156556552860e-01	1.817508446810740530e+00
8.759999999999999787e+00	4.229690461973352744e-01	1.825457413296313947e+00
8.800000000000000711e+00	4.271505585055790366e-01	1.833338034821677009e+00
8.839999999999999858e+00	4.314026345871923573e-01	1.841150373646520455e+00
8.880000000000000782e+00	4.357251478797917188e-01	1.848894469970403076e+00
8.919999999999999929e+00	4.401179626418021407e-01	1.856570342331333334e+00
8.960000000000000853e+00	4.445809333546474340e-01	1.864177987983328011e+00
9.000000000000000000e+00	4.491139041347622096e-01	1.871717383255827150e+00
9.039999999999999147e+00	4.537167081463326923e-01	1.879188483903398543e+00
9.080000000000000071e+00	4.583891670503050242e-01	1.886591225418467799e+00
9.119999999999999218e+00	4.631310902725748191e-01	1.893925523484479179e+00
9.160000000000000142e+00	4.679422746556962664e-01	1.901191274114184093e+00
9.199999999999999289e+00	4.728225036479400401e-01	1.908388354163125022e+00
9.240000000000000213e+00	4.777715470836128575e-01	1.915516621342626680e+00
9.279999999999999361e+00	4.827891603222476680e-01	1.922575914780810802e+00
9.320000000000000284e+00	4.878750834639390410e-01	1.929566055528870949e+00
9.359999999999999432e+00	4.930290414457807469e-01	1.936486846296683995e+00
9.400000000000000355e+00	4.982507430560170203e-01	1.943338072137818617e+00
9.439999999999999503e+00	5.035398805090105512e-01	1.950119500652621296e+00
9.480000000000000426e+00	5.088961289240085950e-01	1.956830882283144168e+00
9.519999999999999574e+00	5.143191458143930861e-01	1.963471950608760119e+00
9.560000000000000497e+00	5.198085705883387364e-01	1.970042422643383251e+00
9.599999999999999645e+00	5.253640240618631108e-01	1.976541999135160488e+00
9.640000000000000568e+00	5.309851079852995204e-01	1.982970364869500290e+00
9.679999999999999716e+00	5.366714045842495562e-01	1.989327188976298233e+00
9.720000000000000639e+00	5.424224761161466901e-01	1.995612125242173018e+00
9.759999999999999787e+00	5.482378644435461634e-01	2.001824812428570688e+00
9.800000000000000711e+00	5.541170906253418682e-01	2.007964874596523952e+00
9.839999999999999858e+00	5.600596545271421256e-01	2.014031921438849349e+00
9.880000000000000782e+00	5.660650344520923305e-01	2.020025548620512978e+00
9.919999999999999929e+00	5.721326867932624571e-01	2.025945338128079865e+00
9.960000000000000853e+00	5.782620457082290333e-01	2.031790858629611840e+00
