y [m/s2]        
      -2.9910132
       0.7553927
       1.9675203
      0.59800983
      -8.3181321
       1.5634899
       3.9130519
      -3.3526172
       4.5394027
       6.3704283
       2.0288626
     -0.91878325
       4.3614272
      0.81708676
       3.9143084
       3.7320626
       2.2760434
      -4.1663551
       7.1595498
       6.3330152
       6.9801883
       3.1105383
      -3.3305175
       15.615518
        5.447578
      -14.564693
     -0.20417866
       4.3494316
     -0.61694753
       1.6421039
       6.4320172
       4.3566315
      -2.3498107
       7.2800643
       9.1866898
       6.3720077
       11.376048
       3.3769578
       5.6408681
      -3.7786617
       9.1755121
       6.5568835
      0.70491095
        7.583623
       -1.843753
       4.6172742
       6.7308558
      -1.7790557
       9.8881799
       1.4425485
       8.6061671
       5.0202672
      -11.680533
        2.490573
       3.9487996
       3.6187957
        9.575082
      -6.1133366
       5.3307119
      -5.0645452
      -2.8112907
       2.1881786
       12.667555
       2.5960749
       3.4016239
      -9.7968579
      -1.6880944
     -0.64432832
       4.6485353
       1.8655113
       2.1450618
      -7.8341269
       -5.036989
      -7.4576361
       6.7943884
       1.5661768
      0.46689581
      -1.5434892
      -5.1771691
       13.569115
       9.6135313
       6.0981738
        1.151166
       11.746623
       9.7774578
       -1.713339
       8.1327213
       3.8473647
      -7.7421309
      -5.9952586
       5.6424506
      -3.1128018
      -3.8254287
       8.5291877
      -3.6827933
       6.3079016
       7.6452381
       3.1802494
      -2.2890251
       3.2160684
     0.043729164
       9.3806196
       9.7494922
       1.1290158
       10.877498
      -5.0384189
       4.7870533
      -2.2102256
       1.3099317
      -1.0460118
      -2.3079169
      0.27799193
      0.54789825
       6.5447955
       6.1110047
       3.9377202
       4.7038579
     -0.84837157
       2.5888939
    -0.029934044
      -2.9269459
        3.129266
      -2.9437159
       1.8370034
      -9.7045075
      -3.6783472
        1.868652
      -7.7233484
       10.398474
      -2.1929991
      -3.1122914
      -1.5679967
       1.6767423
       2.6829382
       4.7695331
      0.54938323
       5.2365042
      -7.5356029
       3.0503375
      -5.0751423
     -0.70474259
       8.4378635
       1.6652915
    -0.035665206
       1.6251913
       3.4606262
      -2.0287322
      -1.5982527
        8.117245
       6.6575288
       1.8230768
      -2.5570183
      -1.8451464
      -6.9626332
      -4.1134577
       7.2366409
       2.8369261
     -0.78769535
       7.6890555
       4.1741937
      0.30409018
       1.4001622
      -7.8297357
       11.604759
       -1.539657
      -2.5277483
       1.6886512
      -2.7411875
       3.0599966
        1.599321
        1.091937
       3.4046761
      -11.424017
       -1.298168
       8.0557827
     0.093243672
       6.0988727
       5.4891004
       5.0987978
      -1.1881757
      -6.3066963
       3.1099126
      -2.8350476
       7.8520262
     -0.60530332
       -10.54972
      -3.3854475
       4.9415979
      -1.1795213
      -6.2738731
      -6.7119614
      -2.5891642
       1.5338796
       5.7700849
     -0.12899511
      0.21294191
      -1.3839069
      -2.6114666
       3.8733142
       4.9314995
        3.056649
        9.660865
      0.24310564
       4.7998849
       8.0220013
         5.48846
       6.3427221
      -2.4561453
       8.9924418
       9.1316958
      -7.9948687
      0.55520989
      0.62229483
       10.335876
       4.9259592
       -1.310514
      -1.0176637
       1.0043531
       2.6063543
       -11.37303
       6.9878775
      -2.8532305
      -5.0015261
       8.5420846
      -7.0639943
       6.6805433
       4.4669105
      -8.8406664
       2.1696363
      -1.0902231
      0.83696427
       3.9315476
      -5.5650215
       13.492957
       1.8143962
       1.6166265
      -4.2086485
      -2.5696913
     -0.10833193
      0.99198471
      -5.9192597
       1.6613767
      -9.9751929
       10.172375
        7.730459
       4.1202797
        4.580868
       6.8817858
       1.9458128
     -0.84588052
       3.3772871
      -1.3664019
       -3.434319
       1.3350788
     -0.86993365
       5.0881136
       2.6368877
      -2.2398507
     -0.67699487
       -1.879705
       2.9289886
     -0.70156329
      -1.0841448
       5.7845044
      -9.0008898
      -1.0985806
      -4.7216549
       -4.195038
      -3.0852783
      0.95847289
      -1.7801506
       5.7551105
      -4.3918475
      -5.0440084
       5.4667201
       5.1976979
      -1.8873059
      -6.9123758
       4.4941153
      -3.8943494
       7.1263735
          6.1517
       -9.734632
       6.4722232
      -3.6642919
       7.1177127
       5.1530921
     -0.97738674
      0.67011345
       5.4165864
       3.9584004
        6.389834
      -4.8438568
       5.4494466
        4.418108
       3.0391298
      -4.1874803
     -0.49351732
       13.998748
       6.0418017
       5.2666464
      -1.6850831
       2.6670955
       8.3292804
       2.3340017
       9.8629097
       2.7988593
       2.6284905
       6.8057387
       8.6222093
       -10.81331
       1.6315177
      -1.1965965
       3.9091947
     -0.42201956
       9.7061598
      -5.6698862
       3.1104739
       1.4306539
      -5.9775016
      0.94355832
       6.8818377
     -0.28521235
       7.4494252
         2.58774
      -1.7692393
      -8.1906027
      -2.2836554
       3.9153478
        1.669091
      -2.5015334
       7.5739108
      -4.8563166
      -3.5710131
     -0.45991201
       1.2925382
       12.259225
       -5.006653
       5.3835818
       1.1414908
       2.7508605
       7.9462129
      -4.9978057
       4.9264071
      0.69067192
      -6.6849842
      0.77845626
      -4.6200734
       10.592691
      0.65098064
      -2.5125192
       5.3107624
       2.7707333
       4.1025741
       7.8981811
      -1.1079844
       3.1936035
       1.2488513
       4.4512818
        8.492529
       4.2823042
       7.6017927
      -2.8769346
       1.8539755
      -4.7634536
      -3.7905747
      -1.7002133
      -3.2870127
      0.43151991
       1.6616277
       7.7474816
      -4.0641784
      -4.7216966
      -1.9762929
       3.2460103
       3.5983424
       5.7269974
        2.970736
       2.2275036
       2.1693632
       4.1316404
       6.9423276
        4.671151
      -5.6741204
      -10.180888
      -1.9922607
       2.9671388
      -2.1907222
       -2.974416
      -4.2052186
       1.8722185
      -4.4571625
      -3.7398563
       -5.713863
       4.1773261
       1.5052692
      -1.5468437
       1.2527502
       2.3059969
       3.2657434
      0.89262057
        2.061568
       1.2402009
       3.4358688
       3.0321187
     -0.19629204
      -1.6257369
      -5.2374511
      -6.0313659
     -0.85580883
        3.455441
       5.2255594
       9.3100046
      -6.0163855
       -5.714121
      -1.2934537
      -5.0341707
      -7.8113567
       3.2805114
       7.8754197
       8.1589957
     -0.94673587
      -4.5760349
      0.27769255
       3.4693144
       2.6910815
      -6.8850901
      -1.3334485
       4.8544208
       2.8036063
       11.090899
       11.077736
      -11.978364
       3.2098906
       7.1654194
       1.2959243
       13.858766
      -3.1278357
      -1.2552031
      -12.907858
      -5.4754829
     -0.98883346
      0.81619366
         10.9451
      -5.2755516
       2.7636101
      -4.2171705
      0.61503672
       3.2766947
      -2.1332238
      -1.6276592
      -5.8068828
       0.9887885
       3.0587162
       -3.590302
       5.3671538
       8.7257142
      -3.6029375
       12.292603
      -7.9903391
       3.5829358
      -1.9709744
       1.0106364
        1.531841
       5.3912696
      -3.8849561
       4.9717723
      -8.2982447
       7.8292064
      0.42745011
       3.8935169
      0.66545133
       1.8052119
      -5.3761578
       10.612465
      -2.9860149
      -1.8395756
       11.857087
      -12.482321
        3.721726
      -6.0719969
       2.2005917
       4.6010435
      -1.8683354
       9.0635268
      -1.1608671
       9.2754886
      -11.979542
       2.1057064
       6.5793775
      -3.7518235
       1.5884878
     -0.93534359
      -6.0009806
       3.3674714
       2.3301688
      0.75664545
      -5.6540128
       3.0137759
      -6.6779125
     -0.84652988
       2.6196152
      0.18116473
       6.8383201
       4.3349691
      -7.9703726
       7.2877288
       0.6648966
       9.6999454
       2.4163077
     -0.96993092
       3.0559758
      -3.6391278
       7.2779988
       3.2684673
      -2.5905445
      0.10812645
     -0.04248789
      -2.6253578
      -3.0955046
      -12.146912
       5.3798467
       1.3447502
       13.745557
      -5.2006548
      -13.219723
       2.6022431
      -4.2711789
       9.2056739
      -0.9680099
      0.83294409
       11.161664
      -7.7123906
       15.554531
      -6.0907967
       3.3455957
       4.8086166
        4.785411
       4.1940278
      0.56269972
       8.6206081
       11.575036
       1.6855499
        9.947125
     -0.94959583
       9.1848332
       3.8127819
      -5.6940172
       14.216643
      -2.4798259
      0.25055103
      -8.0006977
      0.43861812
    -0.077632496
        -1.11657
         6.23234
       3.4518652
      -5.0765671
      -7.9343175
       5.3904506
       5.0497814
        2.298935
     -0.20268625
       11.536773
      0.68189481
      0.33704472
      -5.4869044
       2.4901325
       8.3266019
        8.974609
      0.87663936
       1.6626391
      -10.592352
       6.4752586
       1.7848979
       2.1634388
       4.6316214
      -3.5346728
        4.583356
       2.4814979
      0.73435912
      -1.3547073
       4.2737918
     -0.39174918
        8.287566
      -3.6693379
       8.2969343
      -3.6249787
      0.12930269
      -5.5109557
       11.304959
       1.2454236
      -2.2115495
       1.3069555
      -3.7926425
       2.2326427
      -3.0583656
      0.50484297
      0.34079793
      -2.0704082
     -0.73190757
       1.7078601
      -6.2912658
       10.255308
      -4.5388333
       3.2594354
      -1.2419515
       7.0543999
       3.2184955
      0.15722944
      0.12925818
       1.8414051
      -5.8252257
      0.51120882
      -4.2554406
       2.5337024
       8.9756534
      -1.8642706
       2.9317579
      -7.1715177
      -5.7552675
       2.5803876
       1.6958908
       9.5716931
       0.7964458
      -2.7828852
       4.4901885
      -4.3779805
       -3.812069
      -7.9270863
      0.94328763
       4.5443324
      -2.8396301
      0.18176961
       -1.009746
     -0.83963171
     -0.67257227
      0.45173569
       5.9499857
      -1.7280808
      -5.7419695
       12.356626
      -3.1709883
       3.6511564
       12.887152
       4.2974503
     -0.91289558
       3.1716307
      -2.3686402
       6.3298466
       7.3407964
       5.4479548
      -4.6610125
       1.4123887
      -5.4618082
       18.206391
       6.5907066
        3.546611
       2.9892309
      -4.6463474
      -2.0982624
       2.1303248
      -7.2981531
       3.5874472
       5.3270345
       -4.405808
       1.1425467
       5.7969847
       11.142533
       4.0217775
      -2.0844659
      -4.3539787
       2.3043771
       5.2968169
      -4.0178764
      0.76552132
     -0.64076073
       8.5141045
      -2.3567569
      0.16743255
       8.7696049
       7.9952355
       2.9081464
      0.47431481
      -3.2901581
       2.2010899
      -0.7497344
      -5.4081677
      0.31520004
       16.242456
        11.26125
       -3.767719
      -3.3497113
       2.9288052
       1.9157996
       2.9315096
        6.226775
      -3.5520347
        3.505772
       3.8070089
      0.45538355
       1.0451081
       6.0416604
       10.405509
      -9.3706768
      0.21189415
       2.0040114
      -9.3500756
      -1.2568872
       9.0856312
       10.971694
      -1.6995171
      -13.029528
       5.4021043
       5.9329706
      0.79810654
      0.78706305
      -6.5580573
     -0.82943284
      -7.6338683
      -3.4471752
       2.3736933
      0.69613886
       9.4747784
      -4.3207728
       5.7203547
       2.9975343
        5.065012
       5.0200216
       13.645053
        5.640615
        2.944376
        1.858678
       3.8104652
        1.627387
       5.4590627
      -8.3661473
      -9.4102142
       13.231378
      -8.0614492
      -9.3443203
       3.0747414
      0.46533185
      -6.2241266
      -9.5466973
     -0.17977845
       5.8245847
      -1.0691542
      -2.2603229
       6.0144703
       -6.138237
       1.2577095
    -0.091344237
      -5.7523614
       2.5927994
      -6.9918712
       2.3608933
      -11.014756
       9.2819551
      -6.3819837
       1.3576994
       4.2420031
       3.9429894
        9.402543
      -6.4547012
       3.6052448
     -0.92108719
       -1.658823
        10.49583
      -7.7123669
       4.2288873
     -0.66576762
     -0.28584439
       7.8073755
       2.4229583
     -0.46094459
        1.561934
     -0.27793427
        5.916047
      -1.5017221
      -7.7473649
       6.9692287
      -5.2771383
       7.4485369
      -1.4510359
      -1.8308255
       1.3542688
     -0.61024374
       1.8822311
       3.5582906
       5.3357375
       3.2676937
      -10.131072
       5.5834266
      -5.2883858
       1.1455931
       7.8307243
       3.8940009
       6.7274037
      -2.3269142
       1.9342378
       2.3501688
       1.3986987
       4.0076044
     -0.94195236
       -10.39424
      -3.7555969
       8.1703346
       10.492631
      -4.0798077
      0.77606303
       4.1518425
      -6.0332785
       3.6695429
      -1.9474822
      -6.0785073
       4.7610133
       7.5947984
       5.3097749
      -2.7638103
      -6.0037412
       11.478574
      -2.4357494
       5.1734951
      -1.3337018
     -0.99124707
      -2.6569342
      0.77666293
      -5.0792195
       5.4670877
     -0.85638657
       3.0804278
      -9.3987125
       3.1594751
       1.0394194
       3.9605046
      -4.0534495
       6.9182074
       5.2569101
       3.2813395
       2.0324492
       5.4481947
       1.8132673
       12.039959
      0.96746456
      -2.5280982
      -6.7559928
       3.3024921
       3.7604302
      -1.7072737
     -0.96786179
       1.1471986
       3.3663755
       5.1469741
       2.2660698
       7.3563797
    -0.018914897
       2.9579771
        5.162559
       1.9022853
      -5.3634399
       5.3527815
       7.7394992
       5.7007441
       4.5552957
       1.0889569
       2.5409775
      -3.1584269
       15.605331
       5.4908576
     -0.96461312
     -0.55409589
      -4.1442646
      -9.2742093
      -9.6737806
      0.20286846
       5.4583665
       1.8078567
       13.620471
     -0.80722322
      -4.5976575
       7.2860849
       8.9366962
       2.2496014
       8.0235403
      0.95366848
        3.827727
      -2.5123433
       4.0492337
      -1.8447689
       -7.252891
     -0.92970679
      -8.3368828
       10.989676
       3.8136187
      -1.4062783
       10.972144
      -0.4384048
      -5.7756041
      -3.7534361
       2.9235477
      -7.6581445
      -1.0013916
         7.78028
    -0.034052612
      -1.8402137
      0.69800587
       1.3344938
       7.6858888
      -2.6204036
       -1.238946
        6.114115
      -5.6177292
         7.03238
      -3.6779816
         3.62269
       10.116167
       7.3129419
       5.5680832
      -5.8426034
      0.79392678
       11.613844
        1.518986
       8.3865293
      -1.0237343
       3.8010604
       11.745564
      -0.5241646
      -4.8909527
     -0.74229716
      -4.3290285
       6.6711184
       2.6069461
       4.9476544
       -3.554831
       6.3835241
       6.4841851
      -3.8443542
      -3.7547175
      -5.9809754
      -7.3927692
       6.1958003
      -4.9084208
      0.16209887
      -6.3517559
      -1.0287593
       10.564153
      -1.9945677
       4.9124599
     -0.11669991
       -2.929389
       1.8350526
    -0.069106966
      -4.1707503
       -7.223179
      -2.0300253
       8.6699472
      -2.8165438
       4.8497433
       1.9251979
       1.9572108
      -2.8185243
      -1.6898621
       4.2007383
       2.5756313
     -0.23592279
       5.7475209
       8.0170354
       10.689877
      -4.6498623
       1.5537221
       7.6996665
    -0.052138478
      0.77091662
      -6.0892751
       9.4757925
        5.267203
      -3.5098778
    -0.024784714
       3.9696662
        2.437618
        10.66462
       4.7684125
       11.596197
       9.3521764
      -2.7266802
       10.889419
      0.60439566
       6.0350505
       6.7519651
       2.7140542
      0.35870918
       1.2516014
      0.86640607
      -1.5593686
      -3.0052719
     -0.13029825
      0.16939302
        5.215448
      -3.7538205
      -7.3577965
       2.7389851
        8.060153
        8.442225
       -7.428372
      -2.4072816
       4.5835984
       1.8612638
     -0.45826992
       5.1825319
       4.1453569
       5.9059296
      -2.5641373
       7.2094688
       -5.039709
       6.6205324
       6.0711929
      -5.6849823
     -0.83580906
     -0.15151254
      -8.8352817
     -0.50167972
       6.7791095
      0.83257137
       -9.172265
       6.8160229
       5.4238079
      -7.1186091
      -5.1963331
       1.7355877
     -0.55862022
       5.4350769
       2.0943951
      0.89385565
       7.0634542
       -5.553044
       2.4654259
      -4.9792545
      -4.5848063
         5.87034
       1.5989136
       2.0363766
       9.5190323
       4.8609858
      -2.2857538
       1.0369832
      -2.9962018
     -0.24147241
       10.414612
        2.504882
       2.1958723
       5.0398999
      -1.1790515
       3.0133174
      -1.6561283
       6.5677496
      -2.3538499
      -1.6196746
       2.5622059
      -4.5945131
      -2.4614596
       6.4469046
       4.8736715
        1.621218
      -8.1750895
       1.3493493
       2.9173195
      -6.4135751
      -5.0316844
       8.5841644
       6.0025842
       5.8141478
       1.2092728
     -0.33839525
      -2.6047062
     -0.92333602
       5.2071149
      0.48750675
     -0.80102295
       -5.452322
       2.5773498
      -1.1763452
      -3.5632227
      -2.7929826
       6.7534767
      -6.1531289
      -3.2418781
       5.4588337
      -7.9414708
       1.0671845
       4.4552648
       8.8515695
      -2.1468822
       1.9324686
      -2.1885287
        13.06745
      -1.2579301
       2.4360386
      -11.080743
     -0.60933704
        5.309093
       5.2603779
       2.8020999
       7.7121337
      -3.9063065
     -0.37670163
       7.1199556
      -3.5304953
      -4.7209968
      -3.9523081
       1.1476637
        5.245914
      -2.6537666
      -4.0803403
       8.1861546
      -5.3661419
       6.8447643
       5.3196701
      -4.6832057
      -3.9718083
     -0.67247918
       6.8508245
       7.5633893
       9.2303164
       3.4393099
        4.772381
       2.5965708
       -7.287811
       3.2234887
      -5.3805639
       4.6735306
        11.09093
      -6.7176306
       2.7169287
      -2.8869056
       4.8696393
       3.1089478
      -4.7678495
      -3.0146605
        5.554014
      -6.7736155
       4.6887452
       4.3143959
       7.8553153
      -7.6159253
      0.38786901
       1.7817175
      -4.7193628
     -0.51426361
      -2.1238331
        8.626615
       7.4803676
     -0.74472441
       3.4180266
       3.1860411
      -5.1314557
       1.1283696
      -1.7327712
       12.518642
       4.0618795
      -4.4005649
      -5.1321095
      -3.3511301
       9.6808799
      -8.4782635
      -2.4364879
        3.269146
      -9.7313996
       2.6594972
      -3.0883663
      -13.399334
       5.5079746
       8.8587017
     -0.88329607
      -5.0012547
       5.7243238
       9.4967794
      -4.4813458
      -4.4895492
       -2.354462
     0.040423642
      -1.5179889
       3.1605614
      0.80075978
       14.446044
      -2.6069398
      -4.3473936
       3.7698292
       1.3385219
       2.8195863
       2.1894344
      -3.7324995
      -4.3136023
       5.9067116
       1.1449576
       8.5307287
       11.807927
       3.0801759
       4.5545159
      -2.6012606
      0.14310118
       1.6248576
      -2.5567794
      -2.6912953
     -0.24925298
      0.97026315
      -7.4741512
      -3.1219254
     -0.88343857
       1.6937742
       3.9866686
      -4.1473058
      -6.6678869
       4.8818003
      0.21842859
       4.3815097
       1.6555606
       -2.954457
       3.2445867
       4.4152332
       9.5012188
      -4.6098193
       3.0905977
      0.29846417
       1.0295933
       4.3888708
       2.4826234
      -4.3129126
       9.5873667
       4.6279471
       5.5861185
       5.3573048
       -4.610402
      -2.8642792
      -4.1870913
       4.3704176
       2.6334311
       3.5085047
      -4.8255872
       4.7887693
       1.7085274
       5.8717309
      -6.3035569
      0.86378795
       1.8763319
      -1.2573671
     -0.88331981
       11.290618
      -3.6553115
       7.7158546
      0.58153385
      -9.1249188
      0.45260185
       3.7622238
       1.5221486
       9.5912031
       8.3352874
       3.5628102
      -1.0622565
       9.6130974
      0.35877823
       9.1632589
       7.8545069
     0.098425657
       5.8847118
      0.12529941
       6.0217694
     -0.21758146
       2.9822777
       2.0512464
      -2.4333359
       3.4997724
      -2.8851254
       5.8550601
      0.93989886
       1.1376172
       2.3548791
      -6.6977915
      -1.8716715
      -5.0180329
     -0.95427781
       6.3585153
     -0.84146072
        4.096127
      -8.3515183
       9.6306201
       6.7916411
       7.2562385
       3.0938853
       8.7278721
      -4.8647411
       4.3251275
       3.9701659
     -0.49201966
       2.6599099
        10.10341
       3.2859558
      -1.1795512
       6.3399172
      -3.0108718
       1.3631103
       3.5512507
      -3.7977094
       8.9506416
      -12.238609
       3.3523447
       10.020045
       4.8058292
       5.2732621
       8.8394815
       1.8810678
      -5.5551047
      -5.3877745
       5.8147354
       5.2759324
      -2.4176661
       4.7222669
      -3.7887196
      -2.8337409
      -3.2716697
      0.90469369
      -8.1647841
        2.579511
       5.7557191
      -7.1828131
       2.3842231
     -0.69926773
       3.5249415
       13.114159
      -1.5201759
      -8.6021595
        4.952825
       7.6348032
      0.86907582
      -7.6182831
       4.6681383
       -4.742438
      -3.4315478
     -0.79889616
      0.29332326
      -3.7357767
       7.3041614
       1.8839508
       5.6051093
      0.40961984
      -2.1799949
        3.227452
      -5.4926739
       5.2103272
       8.7426497
       7.2793264
       6.9426654
      -3.3683514
      0.76475245
       2.5710139
      -2.5454256
       8.4855907
      -4.0142864
      -3.9617992
      -11.222143
      -3.9645499
        6.051838
      -2.2906397
     -0.40743816
        4.132438
       5.7534404
      0.39395455
      -6.1532662
       5.1555173
      -4.2782921
      -6.8807247
       1.5081656
      0.19651145
       -3.404484
       -5.562426
        2.035393
       3.0001025
      0.55681366
       6.2712995
      -1.7243199
      -1.1878749
       9.1719962
      -6.3505103
      -1.1881736
      -7.4206097
      -7.7217212
     -0.60600996
      -7.3630845
      -3.4565198
      0.51074854
       2.5114368
     -0.25692541
      -3.0768586
      -5.5448829
      -3.4248523
       4.5043451
       -7.605153
       6.3755015
      -1.5058506
     -0.11945673
      -1.8120006
      -7.2416133
       3.2980892
       4.3566528
     -0.65577455
      -6.5117298
       3.8213085
        1.971622
       12.967967
       4.2035212
       9.0495604
       7.7411413
      -9.5947117
       5.4373064
       2.5774856
       5.9551815
       10.263574
     -0.46447368
          1.3005
       4.6861959
      -2.2431761
       2.9047602
       5.2489093
       12.320791
       8.0206923
      -9.5228357
       2.2696601
      -2.0553959
       8.0227286
       2.8937757
       1.3273958
       1.5961148
      -5.7632984
       5.6358348
      -8.9616617
      -2.5183471
      -4.7999675
       1.1306373
      -1.7158991
      -1.2136125
      -3.8876504
      -9.2951327
          3.0957
       3.7979898
       7.2025397
     -0.66128923
      -1.6672053
      -3.3503876
      0.30151593
       7.6752617
       7.9386926
       12.401744
        2.011131
       1.1444528
       5.5514562
      0.17751029
      0.79797264
       2.2545835
      -1.9612986
       8.2748679
       6.8483276
       12.252459
       5.4322118
       4.8819999
      -4.5164836
      -3.8333405
       5.6044625
     -0.81960202
      -1.6019201
       4.6417289
       7.4772005
      -3.7482222
       2.3223263
       8.0569112
     -0.28941001
      0.13650451
      -4.3488561
       4.0011142
      -0.8419489
     -0.75461348
       13.558509
       8.6412852
        5.852195
       1.6665708
      -3.5426288
       2.0547601
       2.6784136
      -3.3692886
       10.906172
        4.886927
        3.536669
     -0.76003466
       -1.235963
      -2.5330394
       7.1094902
       8.4523864
       13.353296
      -2.5360215
       5.2358994
      -7.2083069
      -5.1633561
       5.9650974
       2.9493997
      0.24545207
        3.717853
       8.0967624
       3.1483978
      -4.9056964
       11.419542
       4.5046059
     -0.28915214
       7.4600556
      -10.069987
       10.468352
       1.3419073
       6.2189069
       7.4981781
      -1.2630745
       9.8659959
       5.0075372
       4.2764843
       10.317646
      -4.6824236
       11.712394
       10.858711
      -9.6135839
      0.60816537
      -4.3350748
       3.5319415
      -0.4114847
     -0.40651334
       7.0057974
      -5.5859966
      -1.8451648
      -3.9984081
       4.5298167
       6.6795404
      -1.0862954
        11.64209
       1.9866684
      -9.5282193
       2.7926814
       1.5504754
       2.1611452
       1.4736926
       5.0174709
      -1.3485338
     -0.56367298
       10.837122
       6.2324049
       6.7783351
      -1.0290601
      -4.1902417
       6.6201617
       4.6822945
     -0.52113308
       9.4911323
      -5.9119353
       4.1579309
       4.8228363
       2.0162841
       9.4839547
       5.2418469
       7.6854566
        4.156548
       3.0836765
       5.8720503
      -2.4977401
       6.9288335
       5.5300245
      -5.1408572
        4.449232
       2.7110271
       11.958082
      0.97776571
       7.1598083
       9.5267035
       5.3537551
      -3.9927315
       4.6097905
      -7.4962545
      -3.5147837
      -5.0145586
       9.3790776
      -2.4989744
      -9.3212172
      -9.1363322
      0.95647445
      0.40082782
        3.575124
      -2.5703406
     -0.46557727
      -6.2884406
      0.26234642
       -1.518244
      -6.3336082
       10.380004
        3.804525
      0.78385201
      -2.5587195
       5.5279158
       4.8902172
       -5.624991
       3.3357581
      -14.899126
       3.8965392
      -2.7799314
      -9.1072785
       4.8468556
       1.4614529
      -1.9163655
       10.320261
      -2.5948951
       7.6267059
      0.78801604
     0.092368262
      0.64478244
      0.53412345
        7.081431
       -5.588944
     -0.31745414
      0.79270778
       2.0043003
       5.6492477
      0.54984262
      -1.1693043
       3.5350027
      -6.5952481
       3.8606678
       0.2827613
      0.41481797
       7.9004958
       -2.614587
        5.144911
      -3.5097038
       2.5314886
       3.9147896
       1.6362997
      -6.5062452
       1.6128665
       3.5613867
       5.2864389
       1.4670654
       2.4132964
      -2.5583204
      -3.4249983
      -1.5977799
      -10.413684
       1.0360155
       11.132799
      -1.9830407
       8.3688762
      -7.7537665
      -1.0892876
     -0.81765283
      -2.9224962
       3.7837747
       -6.795197
       -1.385427
      -4.8595386
       5.7581892
       4.4651613
       11.357055
     -0.27834609
     -0.62986594
      -1.7767929
       10.415471
       5.5311653
     -0.03335035
       5.1053153
      -5.5161917
      -7.1808489
      -4.4186843
      -9.9821394
      -2.5420806
       4.8241647
       8.8454876
       1.3333824
      -8.9623651
      -8.9124095
      -5.1332957
       4.4226256
       5.2680188
       3.6680701
       4.9289547
       4.8690615
       3.1685048
      -2.6669502
       4.2463213
       3.2940606
       3.4091146
       2.3450696
      -9.0155906
       4.5601063
      -5.0892366
       1.8652222
        7.693678
      -7.8842129
       4.3566901
      -4.4519969
      -10.519317
       11.252583
       6.7937078
      0.34629492
      -2.2881096
      -7.3936854
      -4.7449279
      -8.9142795
       7.4687814
       1.7927846
      -1.6133722
      -6.9596195
       2.0492639
      -1.3687999
      0.13462981
      -0.7055727
       3.9220955
       1.6457664
        2.165488
     -0.38455117
      -1.8061241
       1.0487828
     -0.47212793
       5.8500781
         1.31269
       -2.471284
      0.26892249
        2.882928
      -1.7722189
        1.695237
      -1.9899023
      -4.0011672
       -2.630371
      -1.6751074
       1.7232691
      -1.7944691
         1.12449
      -3.9829307
       3.0577779
       4.3836772
       4.6000342
    -0.095022831
      -2.9357379
       6.2731695
     -0.67489768
      -4.2699846
       6.8038061
      -6.1815768
      -4.8829287
       4.0951677
        5.873274
       2.3141757
       -4.460746
       4.7349344
      -1.7295682
     -0.30771613
       2.8946111
      -3.6765549
      -4.3726905
      -9.0535623
      -2.7070914
      -1.0850837
      -2.0033718
       2.7093191
       5.3428761
       3.3039624
       8.4534728
    -0.014043282
       1.7304031
       10.086327
       5.5699063
      -1.9198421
      -14.848112
       3.9550762
       8.3698684
     -0.15156277
       2.8262087
       -1.341357
       -1.532168
      0.39747974
     -0.13374996
        9.172351
      -4.0812793
       6.2522767
       2.9597602
      -3.6556933
       3.8116726
      -2.5207208
       1.6615275
       5.7624634
      0.69374447
       9.3905287
     -0.19871805
      -2.9209317
       5.6153295
      -5.2322581
       9.5130325
     -0.88358779
        0.173095
       3.8305529
      0.91380939
       1.7710318
     -0.57570989
      -2.0042079
      0.76950349
      -4.0552021
       6.4721553
       7.3921414
       8.5041955
       2.2173281
     -0.16146188
       7.3390368
       8.0811839
      0.20066161
      -1.3994345
      0.54394881
      -3.4511678
      -1.2094982
       4.3368478
      -2.6605933
     -0.97066248
       2.8047097
       7.1070867
     -0.96638459
      -7.6341453
      -6.8008143
        5.028671
       -4.181706
      -4.1478418
       10.544671
        1.598037
      -1.9805687
      -6.4146561
      -5.5863935
       10.919327
       8.2708089
       7.5273577
      -1.2253389
         4.55284
      -2.9822095
      -7.1934147
       8.3671352
       -2.439139
       5.4594964
      -3.6574372
       9.2012196
       3.0749695
      -1.1485123
       2.2991666
      -3.1617593
       4.5659908
       2.5254612
       4.9075113
      -4.1883464
       6.1653648
      -5.9579268
      -3.9576412
       5.1626392
     -0.58517912
       3.9594538
       5.8393035
     -0.44794087
      -5.6206367
        3.367185
       6.2933764
       5.0446493
       9.2048008
      -17.414527
       6.4389718
      -7.8082117
      -2.6638507
       6.9508755
      0.64143568
       10.488553
      -2.0675711
      -6.0485074
      -4.3124147
       9.0481854
       2.5165399
     -0.74185388
      -3.2787569
       7.4532322
       1.1563441
       8.8504311
      -4.1879555
       1.8232245
      -2.9880853
        3.114001
      -3.1346751
       2.6990634
      -1.4977378
       7.3894232
      -5.6191336
     -0.46194332
      -5.1857298
       4.0928181
     0.056786888
      -8.4749511
       7.4517466
     -0.99238319
     -0.95384524
       8.1644052
      -8.5144463
       8.0029848
      -6.5076841
      -4.3693054
     0.090061281
      -8.4691781
       2.1719768
       9.4538157
       6.6580793
    -0.065146799
       -5.280447
       4.0539137
        5.404639
       5.5598007
       2.7437135
      -1.3130212
      -2.1858098
     -0.69838465
       1.4077894
      -2.2206713
      -6.0392574
       1.9185958
       7.9279395
       7.5608094
       7.0329903
       3.9296866
       5.9526787
      -1.4502047
      -4.6026497
      0.68091458
      -4.7487551
      0.12987522
       3.2972859
      -5.5538087
       2.3421151
       11.627724
       7.1976203
      -3.7661088
      -2.6001021
       7.3917537
       7.1756612
      -8.3089858
       7.7126639
      -1.2926817
       1.4344517
       6.4043456
       1.8011816
      -8.9192479
        3.313825
       5.7213563
       4.5696915
       3.8596917
      -2.9140386
       6.8457409
       2.4457413
       1.4410349
       4.1957862
      -4.1018063
        5.616231
       3.0954307
     -0.27594003
         3.41399
      -3.5597618
        5.163971
       1.8881953
      -4.9514503
       3.3112367
       8.1404359
     -0.99874696
       6.1499274
       1.2686422
       6.3371136
      0.36441606
       3.8522006
        1.648342
     -0.77934055
       7.4024375
       4.3882723
      -5.3494605
       5.9841106
      0.19968928
       -1.818727
      -2.2955889
       3.0245172
       -3.012029
      -4.0439505
      -0.9234051
      0.82259675
       1.0533843
      -6.9396232
      -6.0581535
       3.6558915
       1.7264003
       1.5593212
       13.543667
      -3.9396526
       5.4113234
      -2.2021236
       3.0965742
        7.151544
       2.1962996
       7.0866134
     0.098931466
      -1.6172938
      0.32752873
      0.22059551
      -2.3089926
       5.2209846
       3.0639686
       7.5464536
      -8.8169462
       1.9097759
       4.7656646
      -3.9391463
       1.7254668
       8.0538478
       1.8161934
       2.2207554
      -0.4519141
      -2.3085182
      -10.692359
       11.223761
       2.2175482
      -7.6677122
      -4.4993817
      -1.0640615
       2.7482252
      -2.5706507
      -1.3732445
       5.7019067
       11.586013
       2.1925173
      -6.9240404
      -6.5494507
     -0.21250954
         1.29491
        0.210797
      -6.2493413
      -2.4011746
      -1.3023254
        0.127465
       1.6864659
        -2.34599
      -4.0329886
       1.1009896
       -1.804171
       12.841999
       13.541441
       6.3354951
       3.6204851
      -6.2555252
       5.5978663
      -4.7489644
      -5.1778412
       1.3234883
      -3.1227167
      -10.811116
      -6.5186644
      0.84254342
       6.2638733
       -6.750479
     -0.43152194
       5.0020659
      0.38062674
      0.72239247
     -0.90598232
       6.5660812
       4.6510093
      -5.2160631
       -2.604062
      -3.7478126
      -1.7804268
     -0.11535677
       1.2694333
         9.92721
       5.8947167
      -2.6557976
      -2.4934644
      -2.1270092
       1.4838285
      -2.7324402
      0.96354751
       7.8554646
       1.6668832
      -2.0414233
       2.7242551
       2.5142215
       1.8518046
       7.5658308
      -1.8779859
       2.7029005
       1.1513887
      0.57053293
      -1.1138762
       9.1924058
       4.4409597
      -6.7294969
        6.920008
       2.2839182
        5.451291
      -4.2246681
       6.9654243
       -5.192045
      -4.0804695
      -3.5967078
       5.1802919
       4.2801716
       6.2375766
       3.2749267
      -3.1075374
       1.6903634
      0.48706315
      -4.0975448
      -1.2340188
       12.712825
       3.6097613
      0.56153492
      -2.1844978
       2.6690764
      -5.7399883
       2.3665877
       13.667858
       4.4532861
        4.232318
       4.6502888
      -7.4441214
      0.45768248
       3.9020754
      -4.4950258
     -0.19896744
       1.8083257
      -7.6796529
     -0.52583949
       2.0027567
     -0.91778133
     -0.50512907
       7.8110474
      -8.7132326
      -7.3777837
       4.0037411
       10.635078
       7.1645999
      0.38520653
      -7.3010047
       1.2933163
      0.94476584
       4.6405053
      0.93905106
      -2.1502767
       7.9414729
      -3.3494635
       2.7449909
       4.8793994
       4.6902012
       6.8943357
      -1.8099623
       8.6127898
      -1.5724468
      0.73708837
      0.77623014
       4.1745525
      -1.4506011
       6.1974653
        2.413312
    -0.073875506
      -3.5592958
      -4.5776089
       3.4422535
       3.9029238
       2.4075326
     -0.18925473
      -7.1452549
       5.7119222
       2.9220657
       9.7429265
      0.78901096
       1.5605117
      -4.6683914
      -4.3925565
        10.67123
       1.5787624
       3.9160054
       5.4838113
      -5.5309824
     -0.85753679
       5.1374442
        6.397091
       2.5054327
       2.2583254
       9.2929607
      -5.1172987
       3.7433602
       5.5654795
       2.7921013
       1.2217409
      -6.6144601
      -4.7520376
      -1.9073168
      0.82703238
         4.78249
      -3.5585421
       4.3581695
      -3.1620068
       4.9598615
       7.5360822
      -1.8712636
       1.1583562
       9.2223387
        1.509678
      -5.3084937
      0.46015398
      -3.4954135
      -1.9661782
      0.39405895
        4.924529
      -2.9266262
       3.2688913
       2.8045262
    -0.010394287
     -0.79623772
       7.3563896
       5.9696412
       8.8537601
       4.9795934
      -1.2992686
       1.5083314
       8.2999377
       4.6867216
       0.2507315
     -0.30308169
      0.13685257
      -2.7678254
      -8.2893006
      -3.1783103
       4.4450407
       2.9462619
       4.2170479
       -4.439113
       1.6889142
     0.028797195
       -2.082692
       4.8441707
      0.12486083
      0.62196266
      -3.7698395
       1.3699797
      -8.5844132
       4.9923314
       2.0752357
       5.4029458
       2.5065464
       7.0198748
       -4.810137
      -1.8312553
       -1.622974
       7.0979535
      -3.3138184
      -2.5444853
      -5.4812915
       3.3513455
       6.7179635
        2.075508
       9.2450442
       2.9807189
      -1.2818807
      -1.1925681
     -0.90094562
      -3.7670819
       5.5769404
       2.9033379
       1.1629848
       6.9614376
      -2.9349372
       5.5289748
      0.31423492
       5.6221979
      -5.7299584
     -0.41784117
       2.0727394
       10.265158
      -7.6478934
       3.7574033
      -10.191941
       3.1496115
       4.7583575
    -0.085561465
       4.9440917
      -10.497768
     -0.65040448
       13.291844
      -5.3000831
       3.1506134
       5.9300495
      -5.0038689
       8.8504175
     -0.38725572
       5.5623776
       3.0345685
      -7.0552426
      -3.1360148
       3.4134879
       5.9836066
       5.4076545
       2.2223901
       -2.055375
        -4.21525
      -7.4555501
       10.894023
      -3.0130491
       2.6622117
      -3.2889077
       1.6811526
      0.37857334
       2.6639647
       7.5793238
        5.163342
      -5.8430612
      -6.0935069
      0.72851334
       4.2415781
       8.4958579
     -0.15213179
     -0.36242079
       11.292804
      -3.1293285
       -2.487883
         5.49388
       6.5020403
      -2.9172436
       7.1081915
      0.79025999
      -1.3531944
      -0.9956151
       9.6262267
       10.094704
      -1.6322598
       3.6474747
       8.2916819
       4.0177578
       3.4916875
        1.192967
       1.4439381
      -3.9084179
      -3.5453971
       10.130247
       1.1902899
       12.386133
       7.4200354
      -1.7692381
        2.723532
      -4.4688306
      -9.8586772
      -4.5987654
       1.9766679
       4.9903075
      -9.6803116
      -2.3722654
        2.283884
       6.4062414
      0.70806403
      0.09856584
       1.8655665
      -1.6365878
      -6.1984638
      -3.6828994
      -2.0869808
       1.8149608
       4.7417576
       14.024717
       5.6019822
      -5.4724303
      -2.7415454
       3.1628728
      0.80903961
        0.859885
       2.1129357
        4.691468
       1.9768489
      -3.5122851
       1.9844585
       3.8064049
       7.2065035
      0.04681833
     -0.57264669
       4.0249826
      -1.2259445
       2.3741137
       4.5609572
      -6.9416275
       6.8372912
       1.3732103
      -3.9080487
       5.8830501
       2.2170927
       1.2971864
       4.8412315
       3.4324244
      -1.5356743
      -2.1440712
      -1.5853784
      -4.0897653
      -1.4395006
       4.7355494
     -0.57419626
       1.8476427
       4.8671492
      -2.3426569
      -2.0286157
      -1.0745226
      -2.4767921
     -0.33815976
       2.7355634
      -2.8444832
      -2.7054216
      -5.1040382
       -0.401675
        2.444353
      -2.1599364
      -5.8953663
       1.0923042
      -4.9961941
      -2.9786958
      -3.9766457
        4.890637
       3.3788304
       2.2860507
       6.2584001
       6.0667889
       10.219782
       3.7534815
      -2.0127911
      -1.7169587
       0.5740233
      -2.8647524
       10.249961
      -2.5220344
      0.32100327
        6.197812
      -1.1724196
      -3.8887429
       4.6808688
       8.6826681
        7.503982
       1.9156025
       2.2122957
      -2.8754893
       11.771036
    -0.059078814
       5.5350358
       11.621861
      -10.056934
      -1.1718648
       9.7323201
      -2.1671485
       10.952935
      -5.4260975
       10.656125
        -5.36868
      -4.3814806
      -5.4347691
      -6.4648259
       14.638341
       7.7711813
        11.59445
      -3.0582119
      0.47627948
       12.789002
       5.6875312
       3.4649891
      -2.7779045
      -5.8768407
       0.4645955
      -1.7758423
      0.48114099
       5.5986327
      -3.0201148
      -2.9565334
      -5.7656632
      -1.9287988
      -2.4520236
      0.16047238
       0.9820743
       5.4187013
        5.020928
       6.1610574
       3.4351076
       7.9060485
     -0.59963084
      -2.3966082
       -3.352066
      -5.8787606
       9.2861726
       4.6432863
      -8.8261327
       7.7808049
      -4.2103372
       3.0767784
       1.1006117
      -0.2206234
       1.1532445
      -6.8494859
      -1.1923831
     -0.95970919
        3.288787
       8.4638533
       7.0947454
      -4.2840724
       7.1731851
       1.5439937
       5.9931257
      -1.4689449
       1.3866168
       7.5834565
       1.0047814
       6.0932017
      -2.9030153
       2.3498095
       1.3238939
       -5.663204
       1.4747858
      -8.9009502
       9.2087195
      -2.7703012
        7.491776
       2.4439255
      -7.4510567
         4.81239
       10.099729
      -6.1194552
       6.3514195
      -4.0536444
       2.8596785
      0.63841859
      -8.9323656
        4.129573
       1.9956003
       3.4563094
      -9.0020674
      -4.6627899
     -0.39364888
      -2.4001699
       3.2791323
      -1.4193258
      -6.2763555
      -3.3049763
      -9.1085481
        3.789187
       4.2737517
        3.206795
       3.8165646
      -5.0391099
       4.7991079
       -2.598077
      -2.5438227
       5.4836692
       1.5792589
   -0.0099725984
      -3.7835231
       1.3743693
